4294967294,139
4294967278,519
4294967278,516
4294967279,249
4294967278,244
4294967278,238
4294967278,236
4294967279,228
4294967278,220
4294967278,210
4294967279,209
4294967278,207
4294967279,206
4294967279,189
4294967278,320
4294967279,181
4294967279,179
4294967279,175
4294967279,156
4294967278,539
4294967278,153
4294967278,193
4294967279,137
4294967279,135
4294967279,267
4294967279,259
4294967278,518
4294967278,253
4294967279,238
16,85
16,55
16,39
16,38
16,64
16,46
16,223
16,265
16,231
16,268
16,206
16,260
16,202
16,259
16,243
16,272
16,90
16,57
16,216
16,134
16,4
16,263
16,137
16,5
4294967278,218
4294967278,214
4294967279,210
4294967278,204
4294967279,204
4294967278,199
4294967279,191
4294967278,195
4294967279,190
4294967278,190
4294967279,186
4294967278,314
4294967278,313
4294967278,311
4294967278,187
4294967278,186
4294967279,185
4294967278,185
4294967279,299
4294967279,166
4294967279,159
4294967278,156
4294967279,155
4294967279,343
4294967279,153
4294967279,145
4294967279,143
4294967278,290
4294967279,173
4294967278,271
4294967278,268
4294967278,286
4294967279,269
4294967278,263
4294967278,261
4294967278,258
4294967279,326
4294967278,243
4294967278,241
4294967278,239
4294967279,247
4294967279,245
4294967279,243
4294967279,241
4294967278,252
4294967278,250
4294967278,247
4294967278,245
4294967278,240
4294967279,240
4294967279,321
4294967278,237
4294967278,232
4294967279,232
4294967278,226
4294967279,217
4294967279,212
4294967279,211
4294967279,183
4294967279,170
4294967279,165
4294967279,164
4294967279,163
4294967278,548
4294967279,162
4294967278,547
4294967278,546
17,29
17,28
4294967279,349
4294967278,542
4294967279,348
4294967279,319
4294967278,317
4294967279,318
4294967278,316
4294967279,317
4294967278,315
4294967279,316
4294967294,395
4294967294,396
4294967294,413
4294967294,179
4294967294,407
4294967294,953
4294967294,140
4294967294,384
4294967294,952
4294967294,184
4294967279,315
4294967279,158
4294967294,389
4294967279,314
4294967279,313
4294967294,50
4294967278,310
4294967278,312
4294967279,312
4294967278,181
4294967279,311
4294967278,309
4294967279,306
4294967278,305
4294967278,179
4294967279,309
4294967278,304
4294967279,310
4294967278,307
4294967279,305
4294967278,308
4294967279,304
4294967278,303
4294967279,307
4294967279,152
4294967278,302
4294967278,177
4294967278,176
4294967279,346
4294967279,356
4294967279,150
4294967278,533
4294967279,357
4294967279,141
4294967278,175
4294967278,295
4294967278,294
4294967278,293
4294967278,292
4294967278,291
4294967279,297
4294967279,296
4294967278,170
4294967294,1421
4294967294,120
4294967294,114
4294967278,167
4294967278,166
4294967278,165
4294967294,180
4294967294,175
4294967294,176
4294967294,12
4294967294,126
4294967294,168
4294967278,159
4294967279,339
4294967279,338
4294967279,337
4294967278,158
4294967278,282
4294967278,137
4294967278,277
4294967278,273
4294967278,288
4294967278,281
4294967278,287
4294967279,293
4294967279,138
4294967279,278
4294967279,277
4294967279,291
4294967279,288
4294967279,279
4294967278,526
4294967279,140
4294967279,274
4294967279,272
4294967293,131
4294967293,130
4294967293,129
4294967293,128
4294967293,127
4294967293,126
4294967293,125
4294967293,124
4294967293,123
4294967293,122
4294967293,121
4294967293,120
4294967293,119
4294967293,118
4294967293,117
4294967293,116
4294967293,115
4294967293,114
4294967293,113
4294967293,112
4294967293,111
4294967293,110
4294967293,109
4294967293,108
4294967293,107
4294967293,106
4294967293,105
4294967293,104
4294967293,103
4294967293,102
4294967293,101
4294967293,100
4294967293,99
4294967293,98
4294967293,97
4294967293,96
4294967293,95
4294967293,94
4294967293,93
4294967293,92
4294967293,91
4294967293,90
4294967293,89
4294967293,87
4294967293,86
4294967293,85
4294967293,84
4294967293,83
4294967293,82
4294967293,81
4294967293,80
4294967293,79
4294967293,78
4294967293,77
4294967293,76
4294967293,75
4294967293,74
4294967293,73
4294967293,72
4294967293,71
4294967293,70
4294967293,69
4294967293,68
4294967293,67
4294967293,66
4294967293,65
4294967293,64
4294967293,63
4294967293,62
4294967293,61
4294967293,60
4294967293,59
4294967293,58
4294967293,57
4294967293,56
4294967293,55
4294967293,54
4294967293,53
4294967293,52
4294967293,51
4294967293,50
4294967293,49
4294967293,48
4294967293,47
4294967293,46
4294967293,45
4294967293,44
4294967293,43
4294967293,42
4294967293,41
4294967293,40
4294967293,39
4294967293,38
4294967293,37
4294967293,36
4294967293,35
4294967293,34
4294967293,33
4294967293,32
4294967293,31
4294967293,30
4294967293,29
4294967293,28
4294967293,27
4294967293,26
4294967293,25
4294967293,24
4294967293,23
4294967293,22
4294967293,21
4294967293,20
4294967293,19
4294967293,18
4294967293,17
4294967293,16
4294967293,15
4294967293,14
4294967293,13
4294967293,12
4294967293,11
4294967293,10
4294967293,9
4294967293,8
4294967293,7
4294967293,6
4294967293,5
4294967293,4
4294967293,3
4294967278,76
4294967278,75
4294967278,74
4294967278,36
4294967278,35
4294967278,34
4294967278,33
4294967278,32
4294967278,31
4294967278,30
4294967278,29
4294967278,28
4294967278,27
4294967278,26
4294967278,25
4294967278,24
4294967278,23
4294967278,22
4294967278,21
4294967278,20
4294967278,19
4294967278,18
4294967278,17
4294967278,16
4294967278,12
4294967278,279
4294967278,11
4294967278,285
4294967278,10
4294967278,262
4294967278,9
4294967278,8
4294967278,7
4294967278,6
4294967278,283
4294967278,5
4294967278,4
4294967279,132
4294967279,257
4294967279,131
4294967279,130
4294967279,129
4294967279,128
4294967279,127
4294967279,126
4294967279,125
4294967279,124
4294967279,123
4294967279,122
4294967279,121
4294967279,120
4294967279,119
4294967279,118
4294967279,117
4294967279,116
4294967279,115
4294967279,114
4294967279,113
4294967279,112
4294967279,111
4294967279,110
4294967279,109
4294967279,108
4294967279,107
4294967279,106
4294967279,105
4294967279,104
4294967279,103
4294967279,102
4294967279,101
4294967279,100
4294967279,99
4294967279,98
4294967279,97
4294967279,96
4294967279,95
4294967279,94
4294967279,93
4294967279,92
4294967279,91
4294967279,90
4294967279,89
4294967279,87
4294967279,86
4294967279,85
4294967279,84
4294967279,83
4294967279,82
4294967279,81
4294967279,80
4294967279,79
4294967279,78
4294967279,73
4294967279,72
4294967279,71
4294967279,70
4294967279,69
4294967279,68
4294967279,67
4294967279,66
4294967279,65
4294967279,64
4294967279,63
4294967279,62
4294967279,61
4294967279,60
4294967279,59
4294967279,58
4294967279,57
4294967279,56
4294967279,55
4294967279,54
4294967279,53
4294967279,52
4294967279,51
4294967279,50
4294967279,49
4294967279,48
4294967279,47
4294967279,46
4294967279,45
4294967279,44
4294967279,43
4294967279,42
4294967279,41
4294967279,40
4294967279,39
4294967279,38
4294967279,37
4294967279,36
4294967279,35
4294967279,34
4294967279,33
4294967279,32
4294967279,31
4294967279,30
4294967279,29
4294967279,28
4294967279,27
4294967279,26
4294967279,25
4294967279,24
4294967279,23
4294967279,22
4294967279,20
4294967279,18
4294967279,16
4294967279,283
4294967279,285
4294967279,11
4294967279,333
4294967278,15
4294967279,15
4294967278,14
8,6
11,4
4294967294,81
4294967294,127
4294967294,18
4294967279,14
4294967278,13
4294967278,525
4294967279,13
4294967278,157
4294967278,264
4294967279,266
4294967279,332
4294967279,331
4294967279,264
4294967278,278
4294967278,284
4294967279,261
4294967279,282
4294967278,155
4294967278,522
4294967279,281
4294967278,154
4294967279,330
4294967278,520
4294967278,256
4294967278,251
4294967279,252
4294967279,251
4294967279,233
4294967278,152
4294967279,328
4294967279,256
4294967278,255
4294967279,139
4294967279,324
4294967279,323
4294967278,515
4294967278,254
4294967279,322
6,1
6,13
6,2
4294967279,254
6,11
6,4
4294967278,513
4294967278,514
4294967279,250
4294967278,249
4294967294,470
4294967294,104
4294967294,106
4294967294,166
4294967294,24
4294967294,183
4294967294,1416
4294967279,239
4294967278,235
4294967279,235
4294967278,233
4294967278,229
4294967278,227
4294967278,225
4294967278,223
4294967278,221
4294967278,215
4294967279,231
4294967279,229
4294967279,227
4294967279,225
4294967279,223
4294967278,231
4294967279,224
4294967278,222
4294967279,221
4294967279,220
4294967278,219
4294967279,219
4294967278,217
4294967278,150
4294967294,909
4294967294,186
4294967294,905
4294967278,212
4294967294,923
4294967294,27
4294967278,148
4294967279,133
4294967278,147
4294967278,211
4294967279,383
4294967278,146
4294967279,382
3,4
3,5
4294967278,145
4294967279,381
4294967278,208
4294967279,207
4294967278,144
4294967278,178
4294967279,182
4294967278,203
4294967294,440
4294967294,429
4294967294,390
4294967294,115
4294967278,142
4294967294,425
4294967278,202
4294967278,141
4294967294,924
4294967278,201
4294967294,415
4294967294,956
4294967294,29
4294967278,136
4294967278,200
6,7
6,6
6,5
6,12
6,8
4294967279,351
4294967278,135
4294967279,371
4294967279,350
4294967279,380
4294967278,318
4294967279,77
4294967278,276
4294967279,379
4294967279,378
4294967278,575
4294967279,377
4294967278,574
4294967278,301
4294967278,306
4294967278,300
4294967278,299
4294967278,298
4294967279,308
4294967279,303
4294967279,302
4294967279,301
4294967279,300
4294967279,157
4294967278,573
4294967278,572
4294967279,347
4294967278,543
4,4
4,6
4,5
4294967278,545
17,27
17,26
4294967278,540
4294967279,355
4294967278,536
12,4
4294967278,532
4294967279,358
4294967278,530
4294967279,345
4294967278,534
4294967279,344
4294967278,529
17,25
17,24
4294967278,535
4294967294,68
4294967294,11
4294967278,73
4294967278,297
4294967278,296
4294967278,275
4294967278,272
4294967278,274
4294967278,267
4294967278,280
4294967279,76
4294967279,75
4294967279,298
4294967279,295
4294967279,294
4294967279,276
4294967279,134
4294967279,290
4294967279,289
4294967279,287
4294967279,268
4294967279,342
4294967278,531
4294967279,341
4294967278,537
4294967279,354
4294967278,528
4294967279,340
4294967278,538
4294967294,5
0,5
4294967294,141
4294967278,571
4294967278,570
4294967278,569
26,5
26,4
4294967278,568
26,3
26,2
26,1
4294967278,544
4294967294,1432
4294967294,476
4294967278,567
4294967279,336
4294967278,527
4294967279,335
4294967279,334
4294967278,541
4294967294,388
4294967279,376
25,7
25,6
25,5
25,4
25,3
25,2
25,1
4294967294,1431
4294967294,46
4294967294,393
4294967294,1430
4294967294,1429
4294967294,926
4294967294,2
4294967294,1418
4294967279,260
24,16
24,15
24,5
24,14
24,10
24,13
24,12
24,11
24,6
24,9
24,8
24,7
24,4
24,3
24,2
24,1
4294967279,375
4294967278,132
4294967278,124
4294967278,123
4294967278,122
4294967278,121
4294967278,117
4294967278,116
4294967278,115
4294967278,109
4294967278,108
4294967278,107
4294967278,106
4294967278,105
4294967278,102
4294967278,101
4294967278,100
4294967278,99
4294967278,98
4294967278,97
4294967278,184
4294967278,180
4294967278,93
4294967278,554
4294967278,91
4294967278,90
4294967278,89
4294967278,87
4294967278,173
4294967278,553
4294967278,552
4294967278,551
4294967278,172
4294967278,168
4294967278,550
4294967278,549
4294967278,78
4294967278,77
4294967278,72
4294967278,71
4294967278,70
4294967278,69
4294967278,68
4294967278,67
4294967278,66
4294967278,65
4294967278,64
4294967278,63
4294967278,62
4294967278,61
4294967278,60
4294967278,59
4294967278,58
4294967278,57
4294967278,56
4294967278,55
4294967278,54
4294967278,53
4294967278,52
4294967278,51
4294967278,50
4294967278,49
4294967278,48
4294967278,47
4294967278,46
4294967278,45
4294967278,44
4294967278,43
4294967278,42
4294967278,41
4294967278,40
4294967278,39
4294967278,38
4294967278,37
4294967279,215
4294967279,184
4294967279,360
4294967279,361
4294967279,359
4294967279,178
4294967279,370
4294967279,177
4294967279,74
4294967279,21
4294967279,19
4294967279,17
4294967279,12
4294967279,10
4294967279,9
23,6
23,5
23,4
4294967278,563
23,3
23,2
23,1
4294967279,374
4294967279,8
4294967278,523
4294967279,6
4294967279,7
4294967279,5
4294967279,4
4294967278,521
4294967279,329
4294967278,562
4294967278,131
22,6
4294967279,369
22,5
4294967278,561
4294967278,130
22,4
4294967279,368
22,3
22,2
22,1
4294967279,327
4294967278,560
4294967278,129
4294967279,367
4294967279,366
4294967278,559
4294967278,128
4294967278,126
4294967278,558
4294967278,127
4294967279,365
4294967279,88
4294967278,517
4294967278,557
4294967278,125
21,6
21,5
21,4
21,3
21,2
21,1
4294967279,364
4294967278,120
4294967279,363
4294967278,119
4294967278,118
4294967294,22
4294967294,17
4294967294,99
4294967294,76
4294967294,41
4294967294,107
4294967294,67
4294967294,971
4294967294,94
4294967294,96
20,5
20,4
20,3
20,2
20,1
4294967278,556
4294967278,114
0,7
4294967294,45
4294967294,1420
4294967294,44
4294967294,187
4294967294,955
4294967294,419
4294967294,28
4294967294,92
4294967294,91
4294967294,90
4294967294,88
4294967294,87
4294967294,86
4294967294,85
4294967278,555
4294967278,174
4294967278,0
4294967278,113
4294967279,362
4294967279,0
4294967294,138
4294967278,111
19,26
19,25
19,24
19,5
19,23
19,22
19,21
19,20
19,19
19,18
19,6
19,17
19,16
19,15
19,14
19,13
19,12
19,11
4294967278,112
19,10
19,9
4294967278,110
4294967294,52
4294967294,26
4294967294,1422
4294967294,43
4294967294,53
4294967294,51
4294967294,25
4294967294,84
4294967294,1428
4294967294,1427
4294967294,0
4294967294,1424
4294967294,8
19,8
19,7
19,4
19,3
19,2
19,1
4294967294,475
4294967294,473
4294967294,82
4294967294,42
4294967278,104
4294967294,1417
4294967294,83
4294967294,9
4294967294,93
4294967294,95
4294967278,103
18,39
18,38
18,37
18,13
18,36
18,35
18,34
18,26
18,33
18,18
18,32
18,21
18,31
18,24
18,30
18,29
18,22
18,28
18,20
18,27
18,16
18,25
18,23
18,11
18,19
18,5
18,14
18,17
18,12
18,15
18,6
18,7
18,10
18,9
18,8
4294967279,320
4294967278,96
18,4
18,3
18,2
18,1
4294967278,512
4294967278,95
17,23
17,22
17,21
17,20
17,19
17,18
17,17
17,16
17,15
17,14
17,13
17,12
17,11
17,10
17,9
17,8
4294967278,94
17,7
4294967278,92
4294967294,7
4294967294,6
17,6
17,5
17,4
17,3
17,2
17,1
4294967294,1426
4294967294,1423
4294967294,474
4294967294,974
4294967278,86
4294967294,1
4294967278,85
16,5394
16,5393
16,5392
16,5391
16,5390
16,5389
16,547
16,545
16,546
16,5388
16,5387
16,5386
16,5385
16,5384
16,5383
16,5382
16,5381
16,1117
16,1116
16,5380
16,1101
16,1102
16,5379
16,1090
16,1088
16,1089
16,5568
16,313
16,311
16,312
16,5378
16,293
16,292
16,5377
16,5375
16,5374
16,5373
16,5372
16,5371
16,5370
16,5369
16,5368
16,5367
16,5366
16,5365
16,5364
16,5363
16,5362
16,5361
16,5360
16,5359
16,512
16,513
16,5358
16,304
16,5357
16,303
16,301
16,302
16,5356
16,298
16,296
16,297
16,5355
16,5354
16,5353
16,5352
16,5351
16,5350
16,5349
16,5348
16,5347
16,5346
16,5345
16,5344
16,5343
16,5342
16,5341
16,5340
16,5339
16,5338
16,5337
16,1109
16,1107
16,1108
16,5336
16,5335
16,5334
16,561
16,5333
16,554
16,5332
16,5331
16,5330
16,5329
16,5328
16,5327
16,5326
16,5325
16,5324
16,5323
16,5504
16,5322
16,5321
16,5320
16,5319
16,5318
16,5317
16,516
16,514
16,515
16,5316
16,5315
16,5314
16,5313
16,5055
16,5054
16,5053
16,5052
16,5051
16,5050
16,5049
16,5048
16,5047
16,2751
16,2750
16,2749
16,2748
16,2747
16,2746
16,2745
16,2744
16,2743
16,868
16,866
16,867
16,5253
16,2742
16,569
16,5046
16,2741
16,2740
16,2739
16,2738
16,2737
16,2736
16,2735
16,2734
16,2733
16,2732
16,2731
16,142
16,2730
16,2729
16,2728
16,1115
16,1113
16,1114
16,2727
16,1106
16,2726
16,1105
16,1103
16,1104
16,2725
16,1098
16,1096
16,1097
16,2724
16,1094
16,1092
16,1093
16,2723
16,853
16,852
16,2722
16,851
16,2721
16,850
16,2720
16,849
16,2719
16,848
16,2718
16,847
16,846
16,2717
16,0
16,845
16,844
16,5440
16,843
16,2716
16,842
16,2715
16,841
16,839
16,840
16,2714
16,838
16,2713
16,837
16,2712
16,836
16,2711
16,835
16,833
16,834
16,2710
16,832
16,575
16,2709
16,574
16,573
16,2708
16,572
16,570
16,571
16,2707
16,568
16,567
16,2706
16,566
16,2705
16,565
16,2704
16,564
16,562
16,563
16,2703
16,560
16,559
16,2702
16,558
16,2701
16,557
16,555
16,556
16,2700
16,553
16,552
16,2699
16,2698
16,550
16,548
16,549
16,2697
16,543
16,2696
16,540
16,541
16,2695
16,539
16,538
16,2694
16,537
16,2693
16,536
16,534
16,535
16,2692
16,533
16,531
16,532
16,2691
16,528
16,2690
16,527
16,525
16,526
16,2689
16,524
16,522
16,523
16,5376
16,291
16,289
16,290
16,5312
16,5252
16,5045
16,5044
16,5251
16,5250
16,5249
16,5043
16,5248
16,5247
16,5246
16,5245
16,5042
16,5244
16,5243
16,5242
16,5041
16,5241
16,5240
16,5239
16,5238
16,5040
16,5237
4294967278,84
4294967279,198
16,5236
16,5235
16,5234
16,5039
16,5233
16,5232
16,5231
16,5230
16,5038
16,5229
16,5228
16,5227
16,5226
16,5037
16,5225
16,5224
16,5223
16,5036
16,5222
16,5221
16,5220
16,5219
16,5035
16,5218
16,5217
16,5216
16,5215
16,5034
16,5214
16,5213
16,5212
16,5033
16,5211
16,5210
16,5209
16,5208
16,5032
16,5207
16,5206
16,5205
16,5204
16,5031
16,5203
16,5202
16,5201
16,5030
16,5200
16,5199
16,5198
16,5197
16,5029
16,5196
16,5195
16,5194
16,5193
16,5028
16,5192
16,5191
16,5190
16,5189
16,5027
16,5188
16,5187
16,5186
16,5026
16,5185
16,5184
16,5183
16,5182
16,5025
16,5181
16,5180
16,5179
16,5178
16,5024
16,5177
16,5176
16,5175
16,5023
16,5174
16,5173
16,5172
16,5171
16,5022
16,5170
16,5169
16,5168
4294967278,83
4294967279,197
16,5167
16,5021
16,5166
16,5165
16,5164
16,5020
16,5163
16,5162
16,5161
16,5160
16,5019
16,5159
16,5158
16,5157
16,5156
16,5018
16,5155
16,5154
16,5153
16,5017
16,5152
16,5151
16,5150
16,5149
16,5016
16,5148
16,5147
16,5146
16,5145
16,5015
16,5144
16,5143
16,5142
16,5014
16,5141
16,5140
16,5139
16,5138
16,5013
16,5137
16,5136
16,5135
16,5134
16,5012
16,5133
16,5132
16,5131
16,5011
16,5130
16,5129
16,5128
16,5127
16,5010
16,5126
16,5125
16,5124
16,5123
16,5009
16,5122
16,5121
16,5120
16,5119
16,5008
16,5118
16,5117
16,5116
16,5115
16,5007
16,5114
16,5113
16,5112
16,5111
16,5006
16,5110
16,5109
16,5108
16,5107
16,5005
16,5106
16,5105
16,5104
16,5103
16,5004
16,5102
16,5101
16,5100
4294967278,82
16,5099
16,5003
16,5098
16,5097
16,5096
16,5095
16,5002
16,5094
16,5093
16,5092
16,5091
16,5001
16,5090
16,5089
16,5088
16,5087
16,5000
16,5086
16,5085
16,5084
16,5083
16,4999
16,5082
16,5081
16,5080
16,5079
16,4998
16,5078
16,5077
16,5076
16,5075
16,4997
16,5074
16,5073
16,5072
16,4996
16,5071
16,5070
16,5069
16,5068
16,4995
16,5067
16,5066
16,5065
16,5064
16,4994
16,5063
16,5062
16,5061
16,4993
16,5060
16,5059
16,5058
16,5057
16,4992
16,5056
16,4991
16,4990
16,4989
16,4799
16,4988
16,4987
16,4986
16,4985
16,4798
16,4984
16,4983
16,4982
16,4797
16,4981
16,4980
16,4979
16,4978
16,4796
16,4977
16,4976
16,4975
16,4974
16,4795
16,4973
16,4972
16,4971
16,4970
16,4794
16,4969
16,4968
16,4967
4294967279,196
4294967278,81
4294967278,80
4294967278,319
16,4793
16,4966
4294967278,566
16,4965
16,4964
16,4963
16,4792
16,4962
4294967278,565
16,4961
16,4960
16,4959
16,4791
16,4958
4294967278,564
16,4957
16,4956
16,4955
16,4790
16,4954
16,4953
16,4952
16,4789
16,4951
16,4950
16,4949
16,4948
16,4788
16,4947
16,4946
16,4945
16,4944
16,4787
16,4943
16,4942
16,4941
16,4940
16,4786
16,4939
16,4938
16,4937
16,4785
16,4936
16,4935
16,4934
16,4933
16,4784
16,4932
16,4931
16,4930
16,4929
16,4783
16,4928
16,4927
16,4926
16,4782
16,4925
16,4924
16,4923
16,4922
16,4781
16,4921
16,4920
16,4919
16,4918
16,4780
16,4917
16,4916
16,4915
16,4914
16,4779
16,4913
16,4912
16,4911
16,4778
16,4910
16,4909
16,4908
16,4907
16,4777
16,4906
16,4905
16,4904
16,4903
16,4776
16,4902
16,4901
16,4900
4294967279,176
4294967294,1425
16,4899
16,4775
16,4898
4294967279,172
16,551
16,306
16,63
16,542
16,315
16,58
16,694
16,501
16,99
4294967278,79
4294967279,171
16,4897
16,4896
16,4774
4294967279,373
16,4895
16,4894
16,4893
16,4892
16,4773
4294967279,372
16,4891
16,4890
16,4889
16,4888
16,4772
16,4887
16,4886
16,4885
16,4771
16,4884
16,4883
16,4882
16,4881
16,4770
16,4880
16,4879
16,4878
16,4769
16,4877
16,4876
16,4875
16,4874
16,4768
16,4873
16,4872
16,4871
16,4870
16,4767
16,4869
16,4868
16,4867
16,4766
